[gd_scene load_steps=34 format=3 uid="uid://b00tlntuchblf"]

[ext_resource type="Script" path="res://world.cs" id="1_6njue"]
[ext_resource type="PackedScene" uid="uid://bfplj0c4jswar" path="res://player.tscn" id="1_mjhtb"]
[ext_resource type="Script" path="res://Door.cs" id="3_b14s8"]
[ext_resource type="Script" path="res://Key.cs" id="4_iyg5s"]
[ext_resource type="Texture2D" uid="uid://k2gfyelagvg4" path="res://key.png" id="5_nngdr"]
[ext_resource type="Texture2D" uid="uid://dlfcwovxf4bld" path="res://cactus.png" id="6_6pch7"]
[ext_resource type="Texture2D" uid="uid://qy6pc5cqhfb8" path="res://bush.png" id="7_k8pcs"]
[ext_resource type="PackedScene" uid="uid://cjokxp3t0ctq3" path="res://RangedEnemy.tscn" id="8_hwykm"]
[ext_resource type="PackedScene" uid="uid://c1npu3sac4jcj" path="res://pickup_factory.tscn" id="10_umh8s"]
[ext_resource type="Script" path="res://Score.cs" id="11_kcimw"]

[sub_resource type="Environment" id="Environment_hus16"]
background_mode = 1
background_color = Color(0, 0.556863, 0.807843, 1)
background_energy_multiplier = 5.0
ambient_light_source = 3
ambient_light_color = Color(0.776471, 0.776471, 0.776471, 1)
ambient_light_sky_contribution = 0.62
volumetric_fog_density = 0.003

[sub_resource type="CylinderShape3D" id="CylinderShape3D_ueirq"]
height = 0.501905

[sub_resource type="StandardMaterial3D" id="StandardMaterial3D_eg1uu"]
albedo_color = Color(0.384314, 0.172549, 0, 1)

[sub_resource type="StandardMaterial3D" id="StandardMaterial3D_uk2qr"]
albedo_color = Color(0.384314, 0.172549, 0, 1)

[sub_resource type="StandardMaterial3D" id="StandardMaterial3D_qjojm"]
albedo_color = Color(0.384314, 0.172549, 0, 1)

[sub_resource type="StandardMaterial3D" id="StandardMaterial3D_0us3f"]
albedo_color = Color(0.384314, 0.172549, 0, 1)

[sub_resource type="StandardMaterial3D" id="StandardMaterial3D_5d7gm"]
albedo_color = Color(0.384314, 0.172549, 0, 1)

[sub_resource type="StandardMaterial3D" id="StandardMaterial3D_fpe06"]
albedo_color = Color(0.384314, 0.172549, 0, 1)

[sub_resource type="StandardMaterial3D" id="StandardMaterial3D_7qqrb"]
albedo_color = Color(0.384314, 0.172549, 0, 1)

[sub_resource type="StandardMaterial3D" id="StandardMaterial3D_chya3"]
albedo_color = Color(0.384314, 0.172549, 0, 1)

[sub_resource type="StandardMaterial3D" id="StandardMaterial3D_ipm4v"]
albedo_color = Color(0.384314, 0.172549, 0, 1)

[sub_resource type="StandardMaterial3D" id="StandardMaterial3D_65v2k"]
albedo_color = Color(0.526707, 0.220287, 0.176907, 1)

[sub_resource type="StandardMaterial3D" id="StandardMaterial3D_whxoq"]
albedo_color = Color(0.68122, 0.4356, 0.334897, 1)

[sub_resource type="StandardMaterial3D" id="StandardMaterial3D_nbr28"]
albedo_color = Color(0.682353, 0.435294, 0.333333, 1)

[sub_resource type="StandardMaterial3D" id="StandardMaterial3D_8tovi"]
albedo_color = Color(0.603922, 0.301961, 0.219608, 1)

[sub_resource type="StandardMaterial3D" id="StandardMaterial3D_lcycv"]
albedo_color = Color(0.603922, 0.301961, 0.219608, 1)

[sub_resource type="StandardMaterial3D" id="StandardMaterial3D_qnalx"]
albedo_color = Color(0.602946, 0.302564, 0.221107, 1)

[sub_resource type="StandardMaterial3D" id="StandardMaterial3D_4udk8"]
albedo_color = Color(0.603922, 0.301961, 0.219608, 1)

[sub_resource type="StandardMaterial3D" id="StandardMaterial3D_bl807"]
albedo_color = Color(0, 0, 0, 1)

[sub_resource type="StandardMaterial3D" id="StandardMaterial3D_qntdc"]
albedo_color = Color(0.52549, 0.219608, 0.176471, 1)

[sub_resource type="StandardMaterial3D" id="StandardMaterial3D_qjrsu"]
albedo_color = Color(0.317647, 0.670588, 0.772549, 1)

[sub_resource type="BoxShape3D" id="BoxShape3D_bj35i"]
size = Vector3(4.00098, 9.13623, 43.8637)

[sub_resource type="StandardMaterial3D" id="StandardMaterial3D_5qnhy"]
albedo_color = Color(0.517647, 0.266667, 0.121569, 1)

[node name="World" type="Node3D"]
script = ExtResource("1_6njue")

[node name="DirectionalLight3D" type="DirectionalLight3D" parent="."]
transform = Transform3D(0.522498, -0.85264, -3.72701e-08, 0, -4.37114e-08, 1, -0.85264, -0.522498, -2.28391e-08, 0, 0, 0)
light_color = Color(1, 1, 0.905882, 1)
shadow_enabled = true

[node name="Player" parent="." instance=ExtResource("1_mjhtb")]
transform = Transform3D(1, 0, 0, 0, 1, 0, 0, 0, 1, 0, 1.24638, 68.9356)
collision_layer = 3

[node name="WorldEnvironment" type="WorldEnvironment" parent="."]
environment = SubResource("Environment_hus16")

[node name="DirectionalLight3D" type="DirectionalLight3D" parent="WorldEnvironment"]
transform = Transform3D(0.999915, -0.00111099, 0.0129553, -0.00984289, -0.715721, 0.698317, 0.00849656, -0.698385, -0.715672, 0, 10.0862, 0)
light_bake_mode = 1
shadow_enabled = true

[node name="Door" type="CSGBox3D" parent="."]
transform = Transform3D(1, 0, 0, 0, 1, 0, 0, 0, 1, -134.94, 1.45999, -21.5776)
use_collision = true
collision_layer = 3
collision_mask = 3
size = Vector3(1, 2.85559, 2.18427)
script = ExtResource("3_b14s8")

[node name="Key" type="RigidBody3D" parent="."]
transform = Transform3D(1, 0, 0, 0, 1, 0, 0, 0, 1, 12.7286, 0.442962, -2.53981)
collision_layer = 3
collision_mask = 3
script = ExtResource("4_iyg5s")

[node name="Sprite3D" type="Sprite3D" parent="Key"]
transform = Transform3D(1, 0, 0, 0, 1, 0, 0, 0, 1, 0, 0.57037, 0)
billboard = 2
texture = ExtResource("5_nngdr")

[node name="CollisionShape3D" type="CollisionShape3D" parent="Key"]
transform = Transform3D(1, 0, 0, 0, 1, 0, 0, 0, 1, 0, 0.490888, 0)
shape = SubResource("CylinderShape3D_ueirq")

[node name="Level" type="Node3D" parent="."]

[node name="CSGBox3D" type="CSGBox3D" parent="Level"]
transform = Transform3D(1, 0, 0, 0, 1, 0, 0, 0, 1, -1.96098, 33.1966, -145.62)
use_collision = true
size = Vector3(354.413, 67.4736, 0.498505)
material = SubResource("StandardMaterial3D_eg1uu")

[node name="CSGBox3D2" type="CSGBox3D" parent="Level"]
transform = Transform3D(0.921863, 0, 0.387516, 0, 1, 0, -0.387516, 0, 0.921863, -115.964, 26.1124, -154.157)
use_collision = true
size = Vector3(178.866, 53.3052, 88.2051)
material = SubResource("StandardMaterial3D_uk2qr")

[node name="CSGBox3D3" type="CSGBox3D" parent="Level"]
transform = Transform3D(1, 0, 0, 0, 1, 0, 0, 0, 1, 168.705, 33.1966, 1.09632)
use_collision = true
size = Vector3(13.0811, 67.4736, 293.932)
material = SubResource("StandardMaterial3D_qjojm")

[node name="CSGBox3D4" type="CSGBox3D" parent="Level"]
transform = Transform3D(1, 0, 0, 0, 1, 0, 0, 0, 1, -0.381371, 33.1966, 144.789)
use_collision = true
size = Vector3(351.254, 67.4736, 6.54581)
material = SubResource("StandardMaterial3D_0us3f")

[node name="CSGBox3D5" type="CSGBox3D" parent="Level"]
transform = Transform3D(1, 0, 0, 0, 1, 0, 0, 0, 1, -142.034, 33.1966, 144.789)
use_collision = true
size = Vector3(50.7405, 67.4736, 6.54581)
material = SubResource("StandardMaterial3D_5d7gm")

[node name="CSGBox3D6" type="CSGBox3D" parent="Level"]
transform = Transform3D(1, 0, 0, 0, 1, 0, 0, 0, 1, -177.4, 33.1966, 7.707)
use_collision = true
size = Vector3(48.8784, 67.4736, 307.153)
material = SubResource("StandardMaterial3D_fpe06")

[node name="CSGBox3D7" type="CSGBox3D" parent="Level"]
transform = Transform3D(1, 0, 0, 0, 1, 0, 0, 0, 1, -159.822, 26.3191, 103.13)
use_collision = true
size = Vector3(84.0336, 53.7184, 116.307)
material = SubResource("StandardMaterial3D_7qqrb")

[node name="CSGBox3D8" type="CSGBox3D" parent="Level"]
transform = Transform3D(1, 0, 0, 0, 1, 0, 0, 0, 1, -138.368, 22.0609, 137.452)
use_collision = true
size = Vector3(126.943, 45.2021, 47.664)
material = SubResource("StandardMaterial3D_chya3")

[node name="CSGBox3D9" type="CSGBox3D" parent="Level"]
transform = Transform3D(1, 0, 0, 0, 1, 0, 0, 0, 1, 150.057, 22.0609, 137.452)
use_collision = true
size = Vector3(126.943, 45.2021, 47.664)
material = SubResource("StandardMaterial3D_ipm4v")

[node name="Cactus" type="Sprite3D" parent="Level"]
transform = Transform3D(1, 0, 0, 0, 1, 0, 0, 0, 1, 26.2853, 1.8573, 40.5112)
pixel_size = 0.03
billboard = 2
texture = ExtResource("6_6pch7")

[node name="Cactus2" type="Sprite3D" parent="Level"]
transform = Transform3D(1, 0, 0, 0, 1, 0, 0, 0, 1, 17.8615, 1.8573, 68.7443)
flip_h = true
pixel_size = 0.03
billboard = 2
texture = ExtResource("6_6pch7")

[node name="Cactus3" type="Sprite3D" parent="Level"]
transform = Transform3D(1, 0, 0, 0, 1, 0, 0, 0, 1, -21.7651, 1.8573, 54.4406)
pixel_size = 0.03
billboard = 2
texture = ExtResource("6_6pch7")

[node name="Cactus4" type="Sprite3D" parent="Level"]
transform = Transform3D(1, 0, 0, 0, 1, 0, 0, 0, 1, -34.5187, 1.8573, 24.8451)
flip_h = true
pixel_size = 0.03
billboard = 2
texture = ExtResource("6_6pch7")

[node name="Cactus5" type="Sprite3D" parent="Level"]
transform = Transform3D(1, 0, 0, 0, 1, 0, 0, 0, 1, 26.2853, 1.8573, -45.9506)
pixel_size = 0.03
billboard = 2
texture = ExtResource("6_6pch7")

[node name="Cactus6" type="Sprite3D" parent="Level"]
transform = Transform3D(1, 0, 0, 0, 1, 0, 0, 0, 1, 9.31568, 1.8573, -24.4483)
flip_h = true
pixel_size = 0.03
billboard = 2
texture = ExtResource("6_6pch7")

[node name="Cactus7" type="Sprite3D" parent="Level"]
transform = Transform3D(1, 0, 0, 0, 1, 0, 0, 0, 1, -17.5491, 1.8573, -45.9506)
pixel_size = 0.03
billboard = 2
texture = ExtResource("6_6pch7")

[node name="Cactus8" type="Sprite3D" parent="Level"]
transform = Transform3D(1, 0, 0, 0, 1, 0, 0, 0, 1, 0.6572, 1.8573, -65.3361)
flip_h = true
pixel_size = 0.03
billboard = 2
texture = ExtResource("6_6pch7")

[node name="Bush" type="Node3D" parent="Level"]
transform = Transform3D(1, 0, 0, 0, 1, 0, 0, 0, 1, 5.47915, 0, 21.2669)

[node name="BushTwo" type="Sprite3D" parent="Level/Bush"]
transform = Transform3D(1, 0, 0, 0, 1, 0, 0, 0, 1, 0, 0.635092, 0)
texture = ExtResource("7_k8pcs")

[node name="BushOne" type="Sprite3D" parent="Level/Bush"]
transform = Transform3D(0.744696, 0, -0.667404, 0, 1, 0, 0.667404, 0, 0.744696, 0, 0.625394, 0)
texture = ExtResource("7_k8pcs")

[node name="BushTwo2" type="Sprite3D" parent="Level/Bush"]
transform = Transform3D(0.71866, 0, 0.695361, 0, 1, 0, -0.695361, 0, 0.71866, 0, 0.635092, 0)
texture = ExtResource("7_k8pcs")

[node name="BushTwo3" type="Sprite3D" parent="Level/Bush"]
transform = Transform3D(0.154779, 0, 0.987949, 0, 1, 0, -0.987949, 0, 0.154779, 0, 0.635092, 0)
texture = ExtResource("7_k8pcs")

[node name="Bush2" type="Node3D" parent="Level"]
transform = Transform3D(1, 0, 0, 0, 1, 0, 0, 0, 1, -24.0642, 0, 17.7326)

[node name="BushTwo" type="Sprite3D" parent="Level/Bush2"]
transform = Transform3D(1, 0, 0, 0, 1, 0, 0, 0, 1, 0, 0.635092, 0)
texture = ExtResource("7_k8pcs")

[node name="BushOne" type="Sprite3D" parent="Level/Bush2"]
transform = Transform3D(0.744696, 0, -0.667404, 0, 1, 0, 0.667404, 0, 0.744696, 0, 0.625394, 0)
texture = ExtResource("7_k8pcs")

[node name="BushTwo2" type="Sprite3D" parent="Level/Bush2"]
transform = Transform3D(0.71866, 0, 0.695361, 0, 1, 0, -0.695361, 0, 0.71866, 0, 0.635092, 0)
texture = ExtResource("7_k8pcs")

[node name="BushTwo3" type="Sprite3D" parent="Level/Bush2"]
transform = Transform3D(0.154779, 0, 0.987949, 0, 1, 0, -0.987949, 0, 0.154779, 0, 0.635092, 0)
texture = ExtResource("7_k8pcs")

[node name="Bush3" type="Node3D" parent="Level"]
transform = Transform3D(1, 0, 0, 0, 1, 0, 0, 0, 1, 25.1636, 0, 15.201)

[node name="BushTwo" type="Sprite3D" parent="Level/Bush3"]
transform = Transform3D(1, 0, 0, 0, 1, 0, 0, 0, 1, 0, 0.635092, 0)
texture = ExtResource("7_k8pcs")

[node name="BushOne" type="Sprite3D" parent="Level/Bush3"]
transform = Transform3D(0.744696, 0, -0.667404, 0, 1, 0, 0.667404, 0, 0.744696, 0, 0.625394, 0)
texture = ExtResource("7_k8pcs")

[node name="BushTwo2" type="Sprite3D" parent="Level/Bush3"]
transform = Transform3D(0.71866, 0, 0.695361, 0, 1, 0, -0.695361, 0, 0.71866, 0, 0.635092, 0)
texture = ExtResource("7_k8pcs")

[node name="BushTwo3" type="Sprite3D" parent="Level/Bush3"]
transform = Transform3D(0.154779, 0, 0.987949, 0, 1, 0, -0.987949, 0, 0.154779, 0, 0.635092, 0)
texture = ExtResource("7_k8pcs")

[node name="Bush4" type="Node3D" parent="Level"]
transform = Transform3D(1, 0, 0, 0, 1, 0, 0, 0, 1, 5.47915, 0, -37.4247)

[node name="BushTwo" type="Sprite3D" parent="Level/Bush4"]
transform = Transform3D(1, 0, 0, 0, 1, 0, 0, 0, 1, 0, 0.635092, 0)
texture = ExtResource("7_k8pcs")

[node name="BushOne" type="Sprite3D" parent="Level/Bush4"]
transform = Transform3D(0.744696, 0, -0.667404, 0, 1, 0, 0.667404, 0, 0.744696, 0, 0.625394, 0)
texture = ExtResource("7_k8pcs")

[node name="BushTwo2" type="Sprite3D" parent="Level/Bush4"]
transform = Transform3D(0.71866, 0, 0.695361, 0, 1, 0, -0.695361, 0, 0.71866, 0, 0.635092, 0)
texture = ExtResource("7_k8pcs")

[node name="BushTwo3" type="Sprite3D" parent="Level/Bush4"]
transform = Transform3D(0.154779, 0, 0.987949, 0, 1, 0, -0.987949, 0, 0.154779, 0, 0.635092, 0)
texture = ExtResource("7_k8pcs")

[node name="Bush5" type="Node3D" parent="Level"]
transform = Transform3D(1, 0, 0, 0, 1, 0, 0, 0, 1, -27.3915, 0, -37.4247)

[node name="BushTwo" type="Sprite3D" parent="Level/Bush5"]
transform = Transform3D(1, 0, 0, 0, 1, 0, 0, 0, 1, 0, 0.635092, 0)
texture = ExtResource("7_k8pcs")

[node name="BushOne" type="Sprite3D" parent="Level/Bush5"]
transform = Transform3D(0.744696, 0, -0.667404, 0, 1, 0, 0.667404, 0, 0.744696, 0, 0.625394, 0)
texture = ExtResource("7_k8pcs")

[node name="BushTwo2" type="Sprite3D" parent="Level/Bush5"]
transform = Transform3D(0.71866, 0, 0.695361, 0, 1, 0, -0.695361, 0, 0.71866, 0, 0.635092, 0)
texture = ExtResource("7_k8pcs")

[node name="BushTwo3" type="Sprite3D" parent="Level/Bush5"]
transform = Transform3D(0.154779, 0, 0.987949, 0, 1, 0, -0.987949, 0, 0.154779, 0, 0.635092, 0)
texture = ExtResource("7_k8pcs")

[node name="Cactus9" type="Sprite3D" parent="Level"]
transform = Transform3D(1, 0, 0, 0, 1, 0, 0, 0, 1, -50.7577, 1.8573, 9.24104)
pixel_size = 0.03
billboard = 2
texture = ExtResource("6_6pch7")

[node name="Cactus10" type="Sprite3D" parent="Level"]
transform = Transform3D(1, 0, 0, 0, 1, 0, 0, 0, 1, -67.7273, 1.8573, 24.8451)
flip_h = true
pixel_size = 0.03
billboard = 2
texture = ExtResource("6_6pch7")

[node name="Cactus11" type="Sprite3D" parent="Level"]
transform = Transform3D(1, 0, 0, 0, 1, 0, 0, 0, 1, -94.5921, 1.8573, 3.3428)
pixel_size = 0.03
billboard = 2
texture = ExtResource("6_6pch7")

[node name="Cactus12" type="Sprite3D" parent="Level"]
transform = Transform3D(1, 0, 0, 0, 1, 0, 0, 0, 1, -111.562, 1.8573, 24.8451)
flip_h = true
pixel_size = 0.03
billboard = 2
texture = ExtResource("6_6pch7")

[node name="Cactus13" type="Sprite3D" parent="Level"]
transform = Transform3D(1, 0, 0, 0, 1, 0, 0, 0, 1, -50.7577, 1.8573, -45.9506)
pixel_size = 0.03
billboard = 2
texture = ExtResource("6_6pch7")

[node name="Cactus14" type="Sprite3D" parent="Level"]
transform = Transform3D(1, 0, 0, 0, 1, 0, 0, 0, 1, -141.532, 1.8573, 1.93915)
flip_h = true
pixel_size = 0.03
billboard = 2
texture = ExtResource("6_6pch7")

[node name="Cactus15" type="Sprite3D" parent="Level"]
transform = Transform3D(1, 0, 0, 0, 1, 0, 0, 0, 1, -136.259, 1.8573, -50.5676)
pixel_size = 0.03
billboard = 2
texture = ExtResource("6_6pch7")

[node name="Cactus16" type="Sprite3D" parent="Level"]
transform = Transform3D(1, 0, 0, 0, 1, 0, 0, 0, 1, -128.117, 1.8573, -28.6077)
flip_h = true
pixel_size = 0.03
billboard = 2
texture = ExtResource("6_6pch7")

[node name="Bush6" type="Node3D" parent="Level"]
transform = Transform3D(1, 0, 0, 0, 1, 0, 0, 0, 1, -71.5639, 0, 21.2669)

[node name="BushTwo" type="Sprite3D" parent="Level/Bush6"]
transform = Transform3D(1, 0, 0, 0, 1, 0, 0, 0, 1, 0, 0.635092, 0)
texture = ExtResource("7_k8pcs")

[node name="BushOne" type="Sprite3D" parent="Level/Bush6"]
transform = Transform3D(0.744696, 0, -0.667404, 0, 1, 0, 0.667404, 0, 0.744696, 0, 0.625394, 0)
texture = ExtResource("7_k8pcs")

[node name="BushTwo2" type="Sprite3D" parent="Level/Bush6"]
transform = Transform3D(0.71866, 0, 0.695361, 0, 1, 0, -0.695361, 0, 0.71866, 0, 0.635092, 0)
texture = ExtResource("7_k8pcs")

[node name="BushTwo3" type="Sprite3D" parent="Level/Bush6"]
transform = Transform3D(0.154779, 0, 0.987949, 0, 1, 0, -0.987949, 0, 0.154779, 0, 0.635092, 0)
texture = ExtResource("7_k8pcs")

[node name="Bush7" type="Node3D" parent="Level"]
transform = Transform3D(1, 0, 0, 0, 1, 0, 0, 0, 1, -101.107, 0, 17.7326)

[node name="BushTwo" type="Sprite3D" parent="Level/Bush7"]
transform = Transform3D(1, 0, 0, 0, 1, 0, 0, 0, 1, 0, 0.635092, 0)
texture = ExtResource("7_k8pcs")

[node name="BushOne" type="Sprite3D" parent="Level/Bush7"]
transform = Transform3D(0.744696, 0, -0.667404, 0, 1, 0, 0.667404, 0, 0.744696, 0, 0.625394, 0)
texture = ExtResource("7_k8pcs")

[node name="BushTwo2" type="Sprite3D" parent="Level/Bush7"]
transform = Transform3D(0.71866, 0, 0.695361, 0, 1, 0, -0.695361, 0, 0.71866, 0, 0.635092, 0)
texture = ExtResource("7_k8pcs")

[node name="BushTwo3" type="Sprite3D" parent="Level/Bush7"]
transform = Transform3D(0.154779, 0, 0.987949, 0, 1, 0, -0.987949, 0, 0.154779, 0, 0.635092, 0)
texture = ExtResource("7_k8pcs")

[node name="Bush8" type="Node3D" parent="Level"]
transform = Transform3D(1, 0, 0, 0, 1, 0, 0, 0, 1, -51.8794, 0, 15.201)

[node name="BushTwo" type="Sprite3D" parent="Level/Bush8"]
transform = Transform3D(1, 0, 0, 0, 1, 0, 0, 0, 1, 0, 0.635092, 0)
texture = ExtResource("7_k8pcs")

[node name="BushOne" type="Sprite3D" parent="Level/Bush8"]
transform = Transform3D(0.744696, 0, -0.667404, 0, 1, 0, 0.667404, 0, 0.744696, 0, 0.625394, 0)
texture = ExtResource("7_k8pcs")

[node name="BushTwo2" type="Sprite3D" parent="Level/Bush8"]
transform = Transform3D(0.71866, 0, 0.695361, 0, 1, 0, -0.695361, 0, 0.71866, 0, 0.635092, 0)
texture = ExtResource("7_k8pcs")

[node name="BushTwo3" type="Sprite3D" parent="Level/Bush8"]
transform = Transform3D(0.154779, 0, 0.987949, 0, 1, 0, -0.987949, 0, 0.154779, 0, 0.635092, 0)
texture = ExtResource("7_k8pcs")

[node name="Bush9" type="Node3D" parent="Level"]
transform = Transform3D(1, 0, 0, 0, 1, 0, 0, 0, 1, -71.5639, 0, -37.4247)

[node name="BushTwo" type="Sprite3D" parent="Level/Bush9"]
transform = Transform3D(1, 0, 0, 0, 1, 0, 0, 0, 1, 0, 0.635092, 0)
texture = ExtResource("7_k8pcs")

[node name="BushOne" type="Sprite3D" parent="Level/Bush9"]
transform = Transform3D(0.744696, 0, -0.667404, 0, 1, 0, 0.667404, 0, 0.744696, 0, 0.625394, 0)
texture = ExtResource("7_k8pcs")

[node name="BushTwo2" type="Sprite3D" parent="Level/Bush9"]
transform = Transform3D(0.71866, 0, 0.695361, 0, 1, 0, -0.695361, 0, 0.71866, 0, 0.635092, 0)
texture = ExtResource("7_k8pcs")

[node name="BushTwo3" type="Sprite3D" parent="Level/Bush9"]
transform = Transform3D(0.154779, 0, 0.987949, 0, 1, 0, -0.987949, 0, 0.154779, 0, 0.635092, 0)
texture = ExtResource("7_k8pcs")

[node name="Bush10" type="Node3D" parent="Level"]
transform = Transform3D(1, 0, 0, 0, 1, 0, 0, 0, 1, -104.435, 0, -37.4247)

[node name="BushTwo" type="Sprite3D" parent="Level/Bush10"]
transform = Transform3D(1, 0, 0, 0, 1, 0, 0, 0, 1, 0, 0.635092, 0)
texture = ExtResource("7_k8pcs")

[node name="BushOne" type="Sprite3D" parent="Level/Bush10"]
transform = Transform3D(0.744696, 0, -0.667404, 0, 1, 0, 0.667404, 0, 0.744696, 0, 0.625394, 0)
texture = ExtResource("7_k8pcs")

[node name="BushTwo2" type="Sprite3D" parent="Level/Bush10"]
transform = Transform3D(0.71866, 0, 0.695361, 0, 1, 0, -0.695361, 0, 0.71866, 0, 0.635092, 0)
texture = ExtResource("7_k8pcs")

[node name="BushTwo3" type="Sprite3D" parent="Level/Bush10"]
transform = Transform3D(0.154779, 0, 0.987949, 0, 1, 0, -0.987949, 0, 0.154779, 0, 0.635092, 0)
texture = ExtResource("7_k8pcs")

[node name="Cactus20" type="Sprite3D" parent="Level"]
transform = Transform3D(1, 0, 0, 0, 1, 0, 0, 0, 1, 43.6554, 1.8573, 24.8451)
flip_h = true
pixel_size = 0.03
billboard = 2
texture = ExtResource("6_6pch7")

[node name="Cactus24" type="Sprite3D" parent="Level"]
transform = Transform3D(1, 0, 0, 0, 1, 0, 0, 0, 1, 43.6554, 1.8573, -24.4483)
flip_h = true
pixel_size = 0.03
billboard = 2
texture = ExtResource("6_6pch7")

[node name="Bush11" type="Node3D" parent="Level"]
transform = Transform3D(1, 0, 0, 0, 1, 0, 0, 0, 1, 83.6532, 0, 21.2669)

[node name="BushTwo" type="Sprite3D" parent="Level/Bush11"]
transform = Transform3D(1, 0, 0, 0, 1, 0, 0, 0, 1, 0, 0.635092, 0)
texture = ExtResource("7_k8pcs")

[node name="BushOne" type="Sprite3D" parent="Level/Bush11"]
transform = Transform3D(0.744696, 0, -0.667404, 0, 1, 0, 0.667404, 0, 0.744696, 0, 0.625394, 0)
texture = ExtResource("7_k8pcs")

[node name="BushTwo2" type="Sprite3D" parent="Level/Bush11"]
transform = Transform3D(0.71866, 0, 0.695361, 0, 1, 0, -0.695361, 0, 0.71866, 0, 0.635092, 0)
texture = ExtResource("7_k8pcs")

[node name="BushTwo3" type="Sprite3D" parent="Level/Bush11"]
transform = Transform3D(0.154779, 0, 0.987949, 0, 1, 0, -0.987949, 0, 0.154779, 0, 0.635092, 0)
texture = ExtResource("7_k8pcs")

[node name="Bush12" type="Node3D" parent="Level"]
transform = Transform3D(1, 0, 0, 0, 1, 0, 0, 0, 1, 54.1099, 0, 17.7326)

[node name="BushTwo" type="Sprite3D" parent="Level/Bush12"]
transform = Transform3D(1, 0, 0, 0, 1, 0, 0, 0, 1, 0, 0.635092, 0)
texture = ExtResource("7_k8pcs")

[node name="BushOne" type="Sprite3D" parent="Level/Bush12"]
transform = Transform3D(0.744696, 0, -0.667404, 0, 1, 0, 0.667404, 0, 0.744696, 0, 0.625394, 0)
texture = ExtResource("7_k8pcs")

[node name="BushTwo2" type="Sprite3D" parent="Level/Bush12"]
transform = Transform3D(0.71866, 0, 0.695361, 0, 1, 0, -0.695361, 0, 0.71866, 0, 0.635092, 0)
texture = ExtResource("7_k8pcs")

[node name="BushTwo3" type="Sprite3D" parent="Level/Bush12"]
transform = Transform3D(0.154779, 0, 0.987949, 0, 1, 0, -0.987949, 0, 0.154779, 0, 0.635092, 0)
texture = ExtResource("7_k8pcs")

[node name="Bush13" type="Node3D" parent="Level"]
transform = Transform3D(1, 0, 0, 0, 1, 0, 0, 0, 1, 103.338, 0, 15.201)

[node name="BushTwo" type="Sprite3D" parent="Level/Bush13"]
transform = Transform3D(1, 0, 0, 0, 1, 0, 0, 0, 1, 0, 0.635092, 0)
texture = ExtResource("7_k8pcs")

[node name="BushOne" type="Sprite3D" parent="Level/Bush13"]
transform = Transform3D(0.744696, 0, -0.667404, 0, 1, 0, 0.667404, 0, 0.744696, 0, 0.625394, 0)
texture = ExtResource("7_k8pcs")

[node name="BushTwo2" type="Sprite3D" parent="Level/Bush13"]
transform = Transform3D(0.71866, 0, 0.695361, 0, 1, 0, -0.695361, 0, 0.71866, 0, 0.635092, 0)
texture = ExtResource("7_k8pcs")

[node name="BushTwo3" type="Sprite3D" parent="Level/Bush13"]
transform = Transform3D(0.154779, 0, 0.987949, 0, 1, 0, -0.987949, 0, 0.154779, 0, 0.635092, 0)
texture = ExtResource("7_k8pcs")

[node name="Bush14" type="Node3D" parent="Level"]
transform = Transform3D(1, 0, 0, 0, 1, 0, 0, 0, 1, 83.6532, 0, -37.4247)

[node name="BushTwo" type="Sprite3D" parent="Level/Bush14"]
transform = Transform3D(1, 0, 0, 0, 1, 0, 0, 0, 1, 0, 0.635092, 0)
texture = ExtResource("7_k8pcs")

[node name="BushOne" type="Sprite3D" parent="Level/Bush14"]
transform = Transform3D(0.744696, 0, -0.667404, 0, 1, 0, 0.667404, 0, 0.744696, 0, 0.625394, 0)
texture = ExtResource("7_k8pcs")

[node name="BushTwo2" type="Sprite3D" parent="Level/Bush14"]
transform = Transform3D(0.71866, 0, 0.695361, 0, 1, 0, -0.695361, 0, 0.71866, 0, 0.635092, 0)
texture = ExtResource("7_k8pcs")

[node name="BushTwo3" type="Sprite3D" parent="Level/Bush14"]
transform = Transform3D(0.154779, 0, 0.987949, 0, 1, 0, -0.987949, 0, 0.154779, 0, 0.635092, 0)
texture = ExtResource("7_k8pcs")

[node name="Bush15" type="Node3D" parent="Level"]
transform = Transform3D(1, 0, 0, 0, 1, 0, 0, 0, 1, 50.7826, 0, -37.4247)

[node name="BushTwo" type="Sprite3D" parent="Level/Bush15"]
transform = Transform3D(1, 0, 0, 0, 1, 0, 0, 0, 1, 0, 0.635092, 0)
texture = ExtResource("7_k8pcs")

[node name="BushOne" type="Sprite3D" parent="Level/Bush15"]
transform = Transform3D(0.744696, 0, -0.667404, 0, 1, 0, 0.667404, 0, 0.744696, 0, 0.625394, 0)
texture = ExtResource("7_k8pcs")

[node name="BushTwo2" type="Sprite3D" parent="Level/Bush15"]
transform = Transform3D(0.71866, 0, 0.695361, 0, 1, 0, -0.695361, 0, 0.71866, 0, 0.635092, 0)
texture = ExtResource("7_k8pcs")

[node name="BushTwo3" type="Sprite3D" parent="Level/Bush15"]
transform = Transform3D(0.154779, 0, 0.987949, 0, 1, 0, -0.987949, 0, 0.154779, 0, 0.635092, 0)
texture = ExtResource("7_k8pcs")

[node name="House" type="Node3D" parent="Level"]
transform = Transform3D(1, 0, 0, 0, 1, 0, 0, 0, 1, 0, 0, 5.09698)

[node name="CSGBox3D10" type="CSGBox3D" parent="Level/House"]
transform = Transform3D(1, 0, 0, 0, 1, 0, 0, 0, 1, 20.5814, 3.95986, -3.46407)
use_collision = true
size = Vector3(10.3487, 8.0764, 10.4543)
material = SubResource("StandardMaterial3D_65v2k")

[node name="CSGBox3D11" type="CSGBox3D" parent="Level/House/CSGBox3D10"]
transform = Transform3D(0.975157, 0.221514, 0, -0.221514, 0.975157, 0, 0, 0, 1, 0.455488, 4.14379, -0.0672607)
operation = 2
size = Vector3(11.2504, 3.17723, 11.0415)

[node name="CSGBox3D12" type="CSGBox3D" parent="Level/House"]
transform = Transform3D(0.975157, 0.221514, 0, -0.221514, 0.975157, 0, 0, 0, 1, 20.7423, 6.83219, -3.42053)
use_collision = true
size = Vector3(11.2504, 0.606171, 10.8206)
material = SubResource("StandardMaterial3D_whxoq")

[node name="CSGBox3D13" type="CSGBox3D" parent="Level/House"]
transform = Transform3D(0.985049, -0.172273, 0, 0.172273, 0.985049, 0, 0, 0, 1, 13.6665, 3.69236, -3.40686)
use_collision = true
size = Vector3(3.74189, 0.325615, 10.7932)
material = SubResource("StandardMaterial3D_nbr28")

[node name="CSGCylinder3D" type="CSGCylinder3D" parent="Level/House"]
transform = Transform3D(1, 0, 0, 0, 1, 0, 0, 0, 1, 11.9441, 1.68339, -4.31494)
use_collision = true
radius = 0.1
height = 3.1801
material = SubResource("StandardMaterial3D_8tovi")

[node name="CSGCylinder3D2" type="CSGCylinder3D" parent="Level/House"]
transform = Transform3D(1, 0, 0, 0, 1, 0, 0, 0, 1, 11.9441, 1.68339, -2.86383)
use_collision = true
radius = 0.1
height = 3.1801
material = SubResource("StandardMaterial3D_lcycv")

[node name="CSGCylinder3D3" type="CSGCylinder3D" parent="Level/House"]
transform = Transform3D(1, 0, 0, 0, 1, 0, 0, 0, 1, 11.9441, 1.68339, 1.50117)
use_collision = true
radius = 0.1
height = 3.1801
material = SubResource("StandardMaterial3D_qnalx")

[node name="CSGCylinder3D4" type="CSGCylinder3D" parent="Level/House"]
transform = Transform3D(1, 0, 0, 0, 1, 0, 0, 0, 1, 11.9441, 1.68339, -8.38067)
use_collision = true
radius = 0.1
height = 3.1801
material = SubResource("StandardMaterial3D_4udk8")

[node name="CSGBox3D15" type="CSGBox3D" parent="Level/House"]
transform = Transform3D(0.814328, -0.580405, 0, 0.580405, 0.814328, 0, 0, 0, 1, 11.7629, -0.021544, -3.46375)
visible = false
use_collision = true
size = Vector3(0.326665, 0.288689, 10.4543)

[node name="CSGBox3D" type="CSGBox3D" parent="Level/House"]
transform = Transform3D(1, 0, 0, 0, 1, 0, 0, 0, 1, 15.5457, 1.10603, -3.53555)
size = Vector3(0.387695, 2.32959, 1.30859)
material = SubResource("StandardMaterial3D_bl807")

[node name="CSGBox3D11" type="CSGBox3D" parent="Level/House"]
transform = Transform3D(1, 0, 0, 0, 1, 0, 0, 0, 1, 13.7429, 0.0481391, -3.47343)
use_collision = true
size = Vector3(3.85744, 0.288689, 10.435)
material = SubResource("StandardMaterial3D_qntdc")

[node name="FlatHouse" type="Node3D" parent="Level"]
transform = Transform3D(1, 0, 0, 0, 1, 0, 0, 0, 1, 0, 0, 16.9485)

[node name="CSGBox3D10" type="CSGBox3D" parent="Level/FlatHouse"]
transform = Transform3D(1, 0, 0, 0, 1, 0, 0, 0, 1, 19.6587, 4.58349, -4.39863)
use_collision = true
size = Vector3(8.50333, 9.32365, 8.58522)
material = SubResource("StandardMaterial3D_65v2k")

[node name="CSGBox3D12" type="CSGBox3D" parent="Level/FlatHouse"]
transform = Transform3D(0.999192, 0.0402016, 0, -0.0402016, 0.999192, 0, 0, 0, 1, 19.5763, 9.30754, -4.41055)
use_collision = true
size = Vector3(8.9166, 0.606171, 8.84052)
material = SubResource("StandardMaterial3D_whxoq")

[node name="CSGBox3D13" type="CSGBox3D" parent="Level/FlatHouse"]
transform = Transform3D(0.985049, -0.172273, 0, 0.172273, 0.985049, 0, 0, 0, 1, 13.6665, 3.69236, -4.41208)
use_collision = true
size = Vector3(3.74189, 0.325615, 8.78278)
material = SubResource("StandardMaterial3D_nbr28")

[node name="CSGBox3D11" type="CSGBox3D" parent="Level/FlatHouse"]
transform = Transform3D(1, 0, 0, 0, 1, 0, 0, 0, 1, 13.7429, 0.0481391, -4.36395)
use_collision = true
size = Vector3(3.85744, 0.288689, 8.65393)
material = SubResource("StandardMaterial3D_qntdc")

[node name="CSGCylinder3D2" type="CSGCylinder3D" parent="Level/FlatHouse"]
transform = Transform3D(1, 0, 0, 0, 1, 0, 0, 0, 1, 11.9441, 1.68339, -0.20551)
use_collision = true
radius = 0.1
height = 3.1801
material = SubResource("StandardMaterial3D_lcycv")

[node name="CSGCylinder3D4" type="CSGCylinder3D" parent="Level/FlatHouse"]
transform = Transform3D(1, 0, 0, 0, 1, 0, 0, 0, 1, 11.9441, 1.68339, -8.38067)
use_collision = true
radius = 0.1
height = 3.1801
material = SubResource("StandardMaterial3D_4udk8")

[node name="CSGBox3D15" type="CSGBox3D" parent="Level/FlatHouse"]
transform = Transform3D(0.814328, -0.580405, 0, 0.580405, 0.814328, 0, 0, 0, 0.822659, 11.7629, -0.021544, -4.34925)
visible = false
use_collision = true
size = Vector3(0.326665, 0.288689, 10.4543)

[node name="CSGBox3D16" type="CSGBox3D" parent="Level/FlatHouse"]
transform = Transform3D(1, 0, 0, 0, 1, 0, 0, 0, 1, 15.5719, 2.22254, -6.76681)
use_collision = true
size = Vector3(0.441904, 2.14136, 1.19308)
material = SubResource("StandardMaterial3D_qjrsu")

[node name="CSGBox3D17" type="CSGBox3D" parent="Level/FlatHouse"]
transform = Transform3D(1, 0, 0, 0, 1, 0, 0, 0, 1, 15.5719, 2.22254, -1.96269)
use_collision = true
size = Vector3(0.441904, 2.14136, 1.19308)
material = SubResource("StandardMaterial3D_qjrsu")

[node name="CSGBox3D18" type="CSGBox3D" parent="Level/FlatHouse"]
transform = Transform3D(1, 0, 0, 0, 1, 0, 0, 0, 1, 15.5719, 6.85063, -6.76681)
use_collision = true
size = Vector3(0.441904, 2.14136, 1.19308)
material = SubResource("StandardMaterial3D_qjrsu")

[node name="CSGBox3D19" type="CSGBox3D" parent="Level/FlatHouse"]
transform = Transform3D(1, 0, 0, 0, 1, 0, 0, 0, 1, 15.5719, 6.85063, -1.96269)
use_collision = true
size = Vector3(0.441904, 2.14136, 1.19308)
material = SubResource("StandardMaterial3D_qjrsu")

[node name="CSGBox3D20" type="CSGBox3D" parent="Level/FlatHouse"]
transform = Transform3D(1, 0, 0, 0, 1, 0, 0, 0, 1, 15.5719, 6.85063, -4.32954)
use_collision = true
size = Vector3(0.441904, 2.14136, 1.19308)
material = SubResource("StandardMaterial3D_qjrsu")

[node name="CSGBox3D" type="CSGBox3D" parent="Level/FlatHouse"]
transform = Transform3D(1, 0, 0, 0, 1, 0, 0, 0, 1, 15.5457, 1.10603, -4.26761)
size = Vector3(0.387695, 2.32959, 1.30859)
material = SubResource("StandardMaterial3D_bl807")

[node name="House2" type="Node3D" parent="Level"]
transform = Transform3D(1, 0, 0, 0, 1, 0, 0, 0, 1, 0, 0, 26.9694)

[node name="CSGBox3D10" type="CSGBox3D" parent="Level/House2"]
transform = Transform3D(1, 0, 0, 0, 1, 0, 0, 0, 1, 20.5814, 3.95986, -3.46407)
use_collision = true
size = Vector3(10.3487, 8.0764, 10.4543)
material = SubResource("StandardMaterial3D_65v2k")

[node name="CSGBox3D11" type="CSGBox3D" parent="Level/House2/CSGBox3D10"]
transform = Transform3D(0.975157, 0.221514, 0, -0.221514, 0.975157, 0, 0, 0, 1, 0.455488, 4.14379, -0.0672607)
operation = 2
size = Vector3(11.2504, 3.17723, 11.0415)

[node name="CSGBox3D12" type="CSGBox3D" parent="Level/House2"]
transform = Transform3D(0.975157, 0.221514, 0, -0.221514, 0.975157, 0, 0, 0, 1, 20.7423, 6.83219, -3.42053)
use_collision = true
size = Vector3(11.2504, 0.606171, 10.8206)
material = SubResource("StandardMaterial3D_whxoq")

[node name="CSGBox3D13" type="CSGBox3D" parent="Level/House2"]
transform = Transform3D(0.985049, -0.172273, 0, 0.172273, 0.985049, 0, 0, 0, 1, 13.6665, 3.69236, -3.40686)
use_collision = true
size = Vector3(3.74189, 0.325615, 10.7932)
material = SubResource("StandardMaterial3D_nbr28")

[node name="CSGCylinder3D" type="CSGCylinder3D" parent="Level/House2"]
transform = Transform3D(1, 0, 0, 0, 1, 0, 0, 0, 1, 11.9441, 1.68339, -4.31494)
use_collision = true
radius = 0.1
height = 3.1801
material = SubResource("StandardMaterial3D_8tovi")

[node name="CSGCylinder3D2" type="CSGCylinder3D" parent="Level/House2"]
transform = Transform3D(1, 0, 0, 0, 1, 0, 0, 0, 1, 11.9441, 1.68339, -2.86383)
use_collision = true
radius = 0.1
height = 3.1801
material = SubResource("StandardMaterial3D_lcycv")

[node name="CSGCylinder3D3" type="CSGCylinder3D" parent="Level/House2"]
transform = Transform3D(1, 0, 0, 0, 1, 0, 0, 0, 1, 11.9441, 1.68339, 1.50117)
use_collision = true
radius = 0.1
height = 3.1801
material = SubResource("StandardMaterial3D_qnalx")

[node name="CSGCylinder3D4" type="CSGCylinder3D" parent="Level/House2"]
transform = Transform3D(1, 0, 0, 0, 1, 0, 0, 0, 1, 11.9441, 1.68339, -8.38067)
use_collision = true
radius = 0.1
height = 3.1801
material = SubResource("StandardMaterial3D_4udk8")

[node name="CSGBox3D15" type="CSGBox3D" parent="Level/House2"]
transform = Transform3D(0.814328, -0.580405, 0, 0.580405, 0.814328, 0, 0, 0, 1, 11.7629, -0.021544, -3.46375)
visible = false
use_collision = true
size = Vector3(0.326665, 0.288689, 10.4543)

[node name="CSGBox3D" type="CSGBox3D" parent="Level/House2"]
transform = Transform3D(1, 0, 0, 0, 1, 0, 0, 0, 1, 15.5457, 1.10603, -3.53555)
size = Vector3(0.387695, 2.32959, 1.30859)
material = SubResource("StandardMaterial3D_bl807")

[node name="CSGBox3D11" type="CSGBox3D" parent="Level/House2"]
transform = Transform3D(1, 0, 0, 0, 1, 0, 0, 0, 1, 13.7429, 0.0481391, -3.47343)
use_collision = true
size = Vector3(3.85744, 0.288689, 10.435)
material = SubResource("StandardMaterial3D_qntdc")

[node name="FlatHouse2" type="Node3D" parent="Level"]
transform = Transform3D(1, 0, 0, 0, 1, 0, 0, 0, 1, 0, 0, 38.8209)

[node name="CSGBox3D10" type="CSGBox3D" parent="Level/FlatHouse2"]
transform = Transform3D(1, 0, 0, 0, 1, 0, 0, 0, 1, 19.6587, 4.58349, -4.39863)
use_collision = true
size = Vector3(8.50333, 9.32365, 8.58522)
material = SubResource("StandardMaterial3D_65v2k")

[node name="CSGBox3D12" type="CSGBox3D" parent="Level/FlatHouse2"]
transform = Transform3D(0.999192, 0.0402016, 0, -0.0402016, 0.999192, 0, 0, 0, 1, 19.5763, 9.30754, -4.41055)
use_collision = true
size = Vector3(8.9166, 0.606171, 8.84052)
material = SubResource("StandardMaterial3D_whxoq")

[node name="CSGBox3D13" type="CSGBox3D" parent="Level/FlatHouse2"]
transform = Transform3D(0.985049, -0.172273, 0, 0.172273, 0.985049, 0, 0, 0, 1, 13.6665, 3.69236, -4.41208)
use_collision = true
size = Vector3(3.74189, 0.325615, 8.78278)
material = SubResource("StandardMaterial3D_nbr28")

[node name="CSGBox3D11" type="CSGBox3D" parent="Level/FlatHouse2"]
transform = Transform3D(1, 0, 0, 0, 1, 0, 0, 0, 1, 13.7429, 0.0481391, -4.36395)
use_collision = true
size = Vector3(3.85744, 0.288689, 8.65393)
material = SubResource("StandardMaterial3D_qntdc")

[node name="CSGCylinder3D2" type="CSGCylinder3D" parent="Level/FlatHouse2"]
transform = Transform3D(1, 0, 0, 0, 1, 0, 0, 0, 1, 11.9441, 1.68339, -0.20551)
use_collision = true
radius = 0.1
height = 3.1801
material = SubResource("StandardMaterial3D_lcycv")

[node name="CSGCylinder3D4" type="CSGCylinder3D" parent="Level/FlatHouse2"]
transform = Transform3D(1, 0, 0, 0, 1, 0, 0, 0, 1, 11.9441, 1.68339, -8.38067)
use_collision = true
radius = 0.1
height = 3.1801
material = SubResource("StandardMaterial3D_4udk8")

[node name="CSGBox3D15" type="CSGBox3D" parent="Level/FlatHouse2"]
transform = Transform3D(0.814328, -0.580405, 0, 0.580405, 0.814328, 0, 0, 0, 0.822659, 11.7629, -0.021544, -4.34925)
visible = false
use_collision = true
size = Vector3(0.326665, 0.288689, 10.4543)

[node name="CSGBox3D16" type="CSGBox3D" parent="Level/FlatHouse2"]
transform = Transform3D(1, 0, 0, 0, 1, 0, 0, 0, 1, 15.5719, 2.22254, -6.76681)
use_collision = true
size = Vector3(0.441904, 2.14136, 1.19308)
material = SubResource("StandardMaterial3D_qjrsu")

[node name="CSGBox3D17" type="CSGBox3D" parent="Level/FlatHouse2"]
transform = Transform3D(1, 0, 0, 0, 1, 0, 0, 0, 1, 15.5719, 2.22254, -1.96269)
use_collision = true
size = Vector3(0.441904, 2.14136, 1.19308)
material = SubResource("StandardMaterial3D_qjrsu")

[node name="CSGBox3D18" type="CSGBox3D" parent="Level/FlatHouse2"]
transform = Transform3D(1, 0, 0, 0, 1, 0, 0, 0, 1, 15.5719, 6.85063, -6.76681)
use_collision = true
size = Vector3(0.441904, 2.14136, 1.19308)
material = SubResource("StandardMaterial3D_qjrsu")

[node name="CSGBox3D19" type="CSGBox3D" parent="Level/FlatHouse2"]
transform = Transform3D(1, 0, 0, 0, 1, 0, 0, 0, 1, 15.5719, 6.85063, -1.96269)
use_collision = true
size = Vector3(0.441904, 2.14136, 1.19308)
material = SubResource("StandardMaterial3D_qjrsu")

[node name="CSGBox3D20" type="CSGBox3D" parent="Level/FlatHouse2"]
transform = Transform3D(1, 0, 0, 0, 1, 0, 0, 0, 1, 15.5719, 6.85063, -4.32954)
use_collision = true
size = Vector3(0.441904, 2.14136, 1.19308)
material = SubResource("StandardMaterial3D_qjrsu")

[node name="CSGBox3D" type="CSGBox3D" parent="Level/FlatHouse2"]
transform = Transform3D(1, 0, 0, 0, 1, 0, 0, 0, 1, 15.5457, 1.10603, -4.26761)
size = Vector3(0.387695, 2.32959, 1.30859)
material = SubResource("StandardMaterial3D_bl807")

[node name="CSGBox3D10" type="CSGBox3D" parent="Level"]
transform = Transform3D(1, 0, 0, 0, 1, 0, 0, 0, 1, -62.9567, 9.78332, 123.453)
use_collision = true
size = Vector3(50.6194, 20.6469, 50.9365)
material = SubResource("StandardMaterial3D_chya3")

[node name="CSGBox3D11" type="CSGBox3D" parent="Level"]
transform = Transform3D(0.866156, 0, -0.499773, 0, 1, 0, 0.499773, 0, 0.866156, -49.9817, 7.27302, 89.2235)
use_collision = true
size = Vector3(50.6194, 15.6263, 50.9365)
material = SubResource("StandardMaterial3D_chya3")

[node name="CSGBox3D12" type="CSGBox3D" parent="Level"]
transform = Transform3D(1, 0, 0, 0, 1, 0, 0, 0, 1, 60.4494, 12.7661, 123.453)
use_collision = true
size = Vector3(71.9357, 26.6124, 50.9365)
material = SubResource("StandardMaterial3D_chya3")

[node name="CSGBox3D13" type="CSGBox3D" parent="Level"]
transform = Transform3D(0.938042, -0.0387762, 0.344346, -0.0140493, 0.988647, 0.149602, -0.346237, -0.145171, 0.926847, 61.5085, 10.3236, 122.288)
use_collision = true
size = Vector3(47.2585, 19.5539, 100.866)
material = SubResource("StandardMaterial3D_chya3")

[node name="House3" type="Node3D" parent="Level"]
transform = Transform3D(-1, 0, -8.74228e-08, 0, 1, 0, 8.74228e-08, 0, -1, 0, 0, -2.51143)

[node name="CSGBox3D10" type="CSGBox3D" parent="Level/House3"]
transform = Transform3D(1, 0, 0, 0, 1, 0, 0, 0, 1, 20.5814, 3.95986, -3.46407)
use_collision = true
size = Vector3(10.3487, 8.0764, 10.4543)
material = SubResource("StandardMaterial3D_65v2k")

[node name="CSGBox3D11" type="CSGBox3D" parent="Level/House3/CSGBox3D10"]
transform = Transform3D(0.975157, 0.221514, 0, -0.221514, 0.975157, 0, 0, 0, 1, 0.455488, 4.14379, -0.0672607)
operation = 2
size = Vector3(11.2504, 3.17723, 11.0415)

[node name="CSGBox3D12" type="CSGBox3D" parent="Level/House3"]
transform = Transform3D(0.975157, 0.221514, 0, -0.221514, 0.975157, 0, 0, 0, 1, 20.7423, 6.83219, -3.42053)
use_collision = true
size = Vector3(11.2504, 0.606171, 10.8206)
material = SubResource("StandardMaterial3D_whxoq")

[node name="CSGBox3D13" type="CSGBox3D" parent="Level/House3"]
transform = Transform3D(0.985049, -0.172273, 0, 0.172273, 0.985049, 0, 0, 0, 1, 13.6665, 3.69236, -3.40686)
use_collision = true
size = Vector3(3.74189, 0.325615, 10.7932)
material = SubResource("StandardMaterial3D_nbr28")

[node name="CSGCylinder3D" type="CSGCylinder3D" parent="Level/House3"]
transform = Transform3D(1, 0, 0, 0, 1, 0, 0, 0, 1, 11.9441, 1.68339, -4.31494)
use_collision = true
radius = 0.1
height = 3.1801
material = SubResource("StandardMaterial3D_8tovi")

[node name="CSGCylinder3D2" type="CSGCylinder3D" parent="Level/House3"]
transform = Transform3D(1, 0, 0, 0, 1, 0, 0, 0, 1, 11.9441, 1.68339, -2.86383)
use_collision = true
